1

512
512
1536
5859
0.585938
2.560000
0.025600
0 3 6 9 12 15 18 21 24 27 30 33 36 39 42 45 48 51 54 57 60 63 66 69 72 75 78 81 84 87 90 93 96 99 102 105 108 111 114 117 120 123 126 129 132 135 138 141 144 147 150 153 156 159 162 165 168 171 174 177 180 183 186 189 192 195 198 201 204 207 210 213 216 219 222 225 228 231 234 237 240 243 246 249 252 255 258 261 264 267 270 273 276 279 282 285 288 291 294 297 300 303 306 309 312 315 318 321 324 327 330 333 336 339 342 345 348 351 354 357 360 363 366 369 372 375 378 381 384 387 390 393 396 399 402 405 408 411 414 417 420 423 426 429 432 435 438 441 444 447 450 453 456 459 462 465 468 471 474 477 480 483 486 489 492 495 498 501 504 507 510 513 516 519 522 525 528 531 534 537 540 543 546 549 552 555 558 561 564 567 570 573 576 579 582 585 588 591 594 597 600 603 606 609 612 615 618 621 624 627 630 633 636 639 642 645 648 651 654 657 660 663 666 669 672 675 678 681 684 687 690 693 696 699 702 705 708 711 714 717 720 723 726 729 732 735 738 741 744 747 750 753 756 759 762 765 768 771 774 777 780 783 786 789 792 795 798 801 804 807 810 813 816 819 822 825 828 831 834 837 840 843 846 849 852 855 858 861 864 867 870 873 876 879 882 885 888 891 894 897 900 903 906 909 912 915 918 921 924 927 930 933 936 939 942 945 948 951 954 957 960 963 966 969 972 975 978 981 984 987 990 993 996 999 1002 1005 1008 1011 1014 1017 1020 1023 1026 1029 1032 1035 1038 1041 1044 1047 1050 1053 1056 1059 1062 1065 1068 1071 1074 1077 1080 1083 1086 1089 1092 1095 1098 1101 1104 1107 1110 1113 1116 1119 1122 1125 1128 1131 1134 1137 1140 1143 1146 1149 1152 1155 1158 1161 1164 1167 1170 1173 1176 1179 1182 1185 1188 1191 1194 1197 1200 1203 1206 1209 1212 1215 1218 1221 1224 1227 1230 1233 1236 1239 1242 1245 1248 1251 1254 1257 1260 1263 1266 1269 1272 1275 1278 1281 1284 1287 1290 1293 1296 1299 1302 1305 1308 1311 1314 1317 1320 1323 1326 1329 1332 1335 1338 1341 1344 1347 1350 1353 1356 1359 1362 1365 1368 1371 1374 1377 1380 1383 1386 1389 1392 1395 1398 1401 1404 1407 1410 1413 1416 1419 1422 1425 1428 1431 1434 1437 1440 1443 1446 1449 1452 1455 1458 1461 1464 1467 1470 1473 1476 1479 1482 1485 1488 1491 1494 1497 1500 1503 1506 1509 1512 1515 1518 1521 1524 1527 1530 1533 1536 
8 51 238 310 415 445 44 353 356 228 474 508 18 127 392 18 256 455 112 442 485 140 214 362 273 279 298 22 211 474 74 450 480 248 488 489 93 330 421 293 321 465 202 311 461 77 329 458 20 388 441 17 291 505 78 208 296 40 319 481 8 181 393 119 370 496 189 367 405 358 460 482 270 281 308 98 385 472 28 405 418 294 319 399 95 311 397 64 96 437 245 415 445 296 364 429 154 220 322 168 169 343 313 438 477 82 350 398 181 243 304 87 130 209 16 225 398 290 414 494 23 339 397 181 273 388 96 190 336 1 167 264 170 191 481 51 77 135 232 382 485 216 441 469 347 355 458 60 338 360 187 223 350 374 405 460 139 229 250 140 346 396 98 310 365 289 417 445 137 367 418 67 122 237 13 194 469 18 37 373 48 368 375 87 230 509 136 480 492 209 276 314 74 93 413 7 190 459 45 364 425 35 282 501 56 476 505 2 11 69 377 379 442 98 464 491 66 444 488 112 141 381 235 282 388 182 462 472 6 34 469 23 288 382 80 253 417 149 255 410 80 120 421 59 73 289 5 35 387 147 322 453 23 92 382 52 53 485 59 86 442 109 312 347 88 189 217 116 339 343 25 419 464 25 314 478 1 30 189 131 148 177 47 171 453 34 99 144 74 87 185 146 295 386 91 484 493 70 207 311 218 233 413 35 184 365 185 225 390 333 356 421 86 297 504 134 136 331 210 233 418 52 84 419 34 176 202 104 174 383 5 104 486 140 192 371 249 365 377 50 158 209 245 384 506 326 376 379 1 100 232 7 211 285 209 296 319 384 423 472 343 358 428 38 287 448 25 76 415 183 441 466 138 338 428 132 202 295 203 396 458 179 403 415 101 199 464 159 271 485 182 331 502 98 369 438 2 273 386 227 411 443 53 69 82 202 255 511 148 294 459 178 327 362 49 70 279 38 171 208 144 198 220 125 319 475 127 193 332 59 92 93 128 174 320 173 330 373 117 468 479 64 134 294 62 204 426 100 375 475 7 171 321 128 369 482 303 321 494 110 396 413 75 169 205 66 249 297 116 183 205 83 247 339 32 161 377 124 407 439 28 295 415 153 349 385 135 176 477 61 245 286 187 266 414 200 262 332 4 316 511 204 251 399 32 264 413 25 64 192 220 321 471 57 374 474 22 97 248 308 343 424 245 485 495 239 245 445 60 245 249 64 136 449 315 401 481 33 81 216 242 301 505 51 358 367 13 103 380 16 110 176 159 453 501 187 229 404 120 137 289 75 353 370 44 156 506 78 373 395 71 103 476 154 265 438 30 111 167 46 277 491 35 155 219 264 314 406 14 41 207 344 384 394 39 379 419 262 412 464 3 30 227 101 157 492 27 92 324 57 71 89 103 227 308 29 139 202 217 236 403 69 89 445 327 468 488 219 366 440 266 446 470 59 269 426 6 87 426 78 144 238 248 305 328 124 334 387 59 278 327 32 128 211 27 104 121 33 78 393 148 297 503 51 231 417 138 145 332 58 152 282 18 230 386 23 405 511 172 326 357 358 383 416 32 410 479 45 137 292 170 342 440 61 161 345 165 207 212 224 350 359 77 98 121 97 100 139 33 423 457 205 269 362 76 237 394 19 282 487 113 189 267 174 195 351 28 51 381 194 228 402 11 305 418 4 150 405 102 183 351 13 201 388 83 283 465 8 103 440 195 290 292 131 390 403 66 183 418 73 100 447 6 84 164 11 234 469 113 363 418 126 202 294 247 403 409 175 417 486 77 196 370 87 248 370 153 155 501 89 172 255 245 253 262 210 273 329 52 61 386 0 263 470 154 252 410 129 315 500 163 206 511 22 64 87 54 240 270 226 329 425 70 169 472 281 289 431 192 341 342 66 94 299 40 66 248 28 377 476 72 191 280 136 213 279 190 366 484 95 397 417 54 377 424 154 485 495 165 264 496 94 231 283 188 298 323 262 351 437 30 31 302 244 310 374 164 216 511 102 189 259 94 156 172 130 155 471 114 295 419 1 15 98 190 313 381 63 115 193 32 94 417 63 280 404 56 279 308 12 316 468 51 114 488 10 131 271 38 124 401 39 184 222 92 199 229 0 285 344 64 250 317 18 158 381 50 177 297 106 189 253 304 398 422 17 63 315 55 439 464 95 136 150 242 324 336 15 157 336 332 400 407 46 201 425 96 210 378 56 203 463 113 256 360 0 59 423 17 375 498 73 136 511 168 335 378 160 393 492 48 137 214 32 95 415 191 282 457 155 338 394 107 186 508 97 363 508 13 422 472 86 408 471 33 254 295 235 411 455 293 372 503 86 405 507 278 350 410 160 180 506 6 101 156 152 192 464 166 289 374 249 252 270 209 303 507 203 230 504 90 447 496 438 491 495 13 334 389 58 291 328 64 429 451 96 257 381 34 243 248 1 284 414 155 305 493 150 485 508 380 420 492 346 470 471 348 359 454 138 276 406 78 92 471 9 174 216 250 390 422 22 121 325 3 122 480 118 427 488 396 423 498 231 403 456 78 362 398 162 199 217 93 254 295 52 263 469 141 268 379 7 192 262 29 160 385 33 278 300 9 212 264 103 209 406 95 125 466 153 203 258 0 246 420 203 264 299 55 160 405 28 62 156 29 92 220 125 329 381 29 134 147 28 133 412 87 109 153 204 240 357 265 462 486 273 463 469 117 215 329 108 145 391 264 366 483 96 235 293 111 231 382 140 259 282 273 391 413 84 258 360 11 34 88 63 480 497 86 200 336 153 231 309 33 61 85 4 320 355 101 191 466 94 332 473 79 353 368 216 437 492 238 305 471 250 368 457 145 192 218 304 346 454 4 24 379 109 359 383 313 430 484 109 304 407 70 263 384 364 423 480 91 273 348 129 308 341 47 253 321 155 352 398 22 341 376 345 406 485 192 378 403 0 171 505 43 71 400 152 407 494 120 331 498 127 327 393 10 375 380 215 266 331 79 95 487 52 440 509 120 403 456 113 270 456 2 15 441 154 484 510 274 329 379 155 366 456 165 181 324 44 78 496 174 259 471 102 338 469 223 360 391 118 335 336 47 279 338 19 295 492 254 293 399 110 253 409 54 62 434 47 378 479 6 226 456 53 118 475 221 324 444 267 442 444 34 268 490 95 329 509 75 110 396 137 220 330 60 227 274 27 140 290 85 253 337 203 306 343 238 307 424 119 356 505 28 49 113 27 208 357 25 283 468 101 176 421 47 329 451 79 107 134 164 387 444 182 275 368 70 280 420 125 189 414 238 239 442 266 287 446 217 243 291 201 319 420 136 248 359 243 355 438 91 175 489 364 450 459 9 34 227 198 352 455 78 357 437 12 192 287 62 230 483 37 172 306 173 214 420 61 263 416 79 240 499 17 78 93 25 26 127 70 225 253 93 150 427 172 202 342 184 265 314 59 414 486 273 395 451 112 146 334 16 321 387 95 400 480 95 113 425 139 166 364 
0.920081 -0.662956 0.739634 0.548926 -0.687089 -0.837430 0.178745 0.473816 -0.017981 -0.268559 0.865202 0.522900 -0.212667 0.917132 0.663110 0.218337 0.811763 0.120477 -0.118991 0.081938 0.713799 -0.746769 -0.945293 -0.676994 0.513134 -0.795913 0.012473 -0.157502 0.387167 -0.805639 0.908574 0.307249 -0.468595 0.648208 -0.143825 -0.155684 0.810778 -0.965080 -0.681868 -0.207203 -0.233639 -0.816666 -0.684303 0.553694 -0.899533 0.978807 -0.227969 0.912229 0.099284 0.653040 -0.005832 -0.186917 0.906271 0.048875 0.136089 0.419405 0.252962 -0.851439 -0.738097 -0.359871 -0.657077 -0.829523 0.947378 -0.125672 0.818685 -0.196447 0.718644 0.629462 -0.161528 -0.963224 -0.577741 0.604833 -0.779890 -0.262043 0.158526 -0.679423 -0.283236 0.930557 -0.767194 0.816048 0.583598 0.226974 -0.370870 0.489869 -0.724152 0.765219 -0.090726 0.528810 0.913781 0.171177 -0.831061 -0.743297 0.341654 -0.883683 0.131031 0.160339 -0.080130 -0.150325 -0.210199 0.758342 -0.113549 0.212060 0.363175 0.106561 0.950017 -0.478299 0.427138 -0.333220 -0.547741 0.659944 -0.517172 -0.964144 -0.113082 0.111959 0.525725 0.162766 -0.122822 -0.565001 -0.308424 -0.209042 0.606176 -0.139484 0.047662 -0.052171 -0.023167 -0.821307 -0.891832 0.896703 0.028368 -0.102031 0.655045 0.914820 -0.889971 0.018220 0.021381 -0.939954 0.539921 -0.551481 -0.273174 0.992180 -0.891536 0.209655 -0.971963 -0.004618 -0.678387 0.553762 -0.841851 0.198791 0.988761 -0.150275 0.989750 0.594936 0.710241 0.037412 -0.457235 -0.312927 0.216105 -0.349067 -0.416224 -0.755527 0.548902 -0.761179 -0.840707 0.658932 0.257041 0.180674 0.718978 -0.203038 0.629193 -0.554196 -0.210857 0.737657 0.655459 -0.182821 -0.266961 0.977072 -0.629059 -0.108812 0.175863 -0.640298 0.740913 0.165613 0.954638 0.451153 -0.796975 -0.502597 -0.861773 0.419129 0.148337 -0.277997 0.663603 -0.302761 -0.039176 0.822895 -0.643829 -0.782135 0.003569 -0.924852 0.014827 -0.367238 -0.479048 0.803970 -0.629580 -0.823589 -0.378851 0.103459 -0.846517 -0.007910 0.994647 0.329346 0.351792 0.735559 -0.505041 0.306430 0.186713 -0.302016 0.803833 0.324939 -0.882887 -0.047830 -0.953058 0.780716 0.649409 0.007766 0.603611 -0.994420 0.225630 -0.392820 -0.919272 -0.759543 0.239943 -0.398320 -0.955573 0.610362 -0.221910 -0.334424 -0.286179 -0.068427 0.657666 -0.291532 -0.739081 0.009458 -0.555973 -0.244122 -0.684112 0.630739 0.453862 -0.880278 -0.044321 0.570975 0.071892 0.002620 0.351691 -0.278699 -0.989614 -0.044699 -0.273120 0.236016 0.562482 -0.192392 0.476473 -0.197576 0.409288 0.520900 -0.587214 -0.812622 -0.813524 0.126608 0.118951 0.844142 0.835075 0.379871 -0.146400 -0.720898 -0.864251 0.169488 0.909841 0.589611 0.289210 -0.134480 0.160586 -0.638898 0.868140 -0.487724 0.082403 0.878526 0.467578 0.809283 0.114543 0.030059 -0.383109 -0.408984 0.832484 -0.973821 -0.888085 -0.754730 -0.786443 -0.701609 0.371878 0.332509 -0.857467 0.206953 -0.287621 -0.003867 0.486055 -0.151872 -0.834379 0.395896 -0.562261 0.454831 -0.738584 0.598325 0.815933 -0.870443 -0.889399 -0.101664 -0.991917 0.578179 -0.292381 0.122626 -0.391761 0.324510 0.713641 -0.559278 0.350689 0.825557 -0.314008 0.564246 -0.876052 -0.942130 -0.103245 -0.733519 0.264823 0.609134 0.262614 -0.249122 -0.542738 0.428235 -0.853225 -0.104999 -0.116934 -0.591809 -0.506674 -0.301000 -0.462252 -0.396073 0.597336 -0.454169 -0.817894 -0.695045 0.668457 -0.209655 0.629465 0.382098 0.231067 -0.019846 0.207655 0.917060 -0.455600 0.331603 0.974930 0.441155 0.598084 0.239753 0.050289 -0.139303 0.990631 0.507551 -0.711068 -0.862594 -0.597448 0.171998 -0.454403 -0.104122 0.870998 0.083345 0.499805 0.468334 0.629175 0.681912 0.773288 0.297632 -0.527743 0.402753 -0.320270 0.703324 -0.617092 0.887385 0.620384 -0.072692 0.218988 0.595313 -0.631537 -0.182928 -0.164933 0.418752 0.677770 -0.174302 -0.073698 0.966702 -0.036896 0.328854 0.138700 0.508701 -0.775268 0.009698 -0.407955 0.724538 -0.521968 -0.778779 0.406449 -0.748680 0.518853 0.878706 0.654073 -0.801417 0.582030 -0.963019 -0.914031 0.202413 -0.035711 0.304957 -0.202273 0.332751 -0.877971 0.632793 -0.248497 0.799799 -0.541509 0.677805 0.766501 0.421595 0.006660 -0.094799 -0.069705 0.231392 0.914899 0.522340 -0.044070 -0.607069 0.743561 -0.637621 -0.355749 0.262414 -0.758915 -0.701676 0.460997 0.823114 -0.664695 0.546966 0.025527 0.299593 -0.148077 0.823254 -0.367656 -0.026048 0.456047 0.383847 -0.226249 0.914538 0.061653 -0.459748 0.336133 -0.931688 0.445453 -0.733572 0.299704 0.360352 0.788768 -0.744366 0.753282 0.532329 -0.381987 -0.602467 -0.205257 -0.140903 -0.304143 -0.744260 -0.317788 0.031162 0.802706 0.707739 -0.669245 -0.345371 0.530993 -0.036901 0.628581 -0.012960 -0.653054 -0.597668 -0.098422 0.408599 -0.057416 -0.762290 0.476911 -0.611964 -0.495862 -0.223385 0.748388 -0.707093 0.032249 0.501671 0.825236 0.650262 0.899204 -0.380021 -0.490641 -0.404939 -0.124280 0.191571 0.626222 -0.321574 -0.100690 0.956977 0.333054 -0.569697 -0.079924 -0.038365 0.417343 0.267023 0.363967 -0.681079 -0.324378 -0.693449 -0.443369 -0.847467 -0.305413 0.060769 -0.070852 -0.557025 0.353676 0.961397 0.944646 0.178912 0.611659 0.843850 0.798892 -0.878982 -0.561089 -0.325389 0.312589 -0.934867 0.353037 -0.788101 -0.977890 -0.313909 -0.357798 -0.057814 0.647727 -0.940455 -0.790791 0.011694 -0.621534 -0.115169 0.318245 -0.064903 0.037364 -0.987168 0.995866 0.966512 -0.544192 0.349542 0.927910 -0.599546 -0.471546 0.539569 -0.755696 -0.672654 0.660587 -0.316786 0.001957 -0.026823 -0.251653 -0.645006 0.185076 -0.229543 0.041085 0.827278 0.712644 -0.311188 0.886823 0.921853 0.700506 -0.734711 -0.193316 0.018751 0.200386 0.844048 0.031583 0.196252 0.810560 0.487390 -0.454206 0.738470 0.887844 0.074248 0.278039 -0.867853 0.401594 -0.061374 -0.184638 -0.596449 0.911803 0.563709 -0.241455 0.096879 -0.665834 0.799630 -0.075843 -0.953190 -0.511558 -0.189020 0.968663 -0.811052 0.076269 -0.224654 0.207699 -0.723345 -0.380606 -0.760718 0.472907 -0.570046 0.726672 -0.981300 -0.831576 0.614516 0.092949 0.446463 0.746663 -0.505457 -0.614911 -0.437975 -0.101906 -0.703109 -0.874266 0.656639 0.393770 -0.540100 0.456269 -0.682073 -0.493290 0.944712 0.128907 -0.524627 -0.866340 -0.794823 0.250719 0.341359 -0.518168 0.870113 0.580641 0.954738 -0.699932 0.307313 0.973439 -0.531508 -0.078171 0.066387 0.914954 -0.331508 0.560930 -0.699957 0.230518 -0.540976 -0.403066 0.356251 -0.884337 0.990704 0.816152 0.571932 -0.691369 -0.677139 0.516644 0.437539 -0.201766 0.650304 0.642715 -0.951047 -0.008337 -0.875453 0.919066 -0.427696 -0.920715 -0.780866 0.879617 -0.947276 -0.312374 -0.198554 0.119111 -0.397420 0.469938 -0.319959 -0.097377 -0.299544 0.139065 0.499558 -0.943293 0.254727 0.490262 0.872859 -0.173341 0.798894 -0.804280 -0.656697 0.236433 -0.006046 0.993607 -0.120852 0.042908 -0.014729 0.003695 -0.038026 0.557575 0.082980 0.181108 0.437192 0.135704 0.868733 -0.761362 -0.745186 -0.528686 0.708576 -0.065145 0.373937 -0.590968 -0.926080 -0.126505 -0.534261 0.328647 -0.636243 -0.661402 -0.844694 -0.837349 -0.465681 -0.501390 0.399083 0.528273 -0.507783 -0.721769 -0.428820 0.477488 0.281926 0.533154 0.035062 -0.635094 -0.285738 -0.527746 0.500610 -0.417004 -0.289108 0.755424 0.054309 -0.580532 -0.309721 -0.571754 -0.171500 -0.235801 0.301741 0.294239 -0.907155 0.665498 0.632837 -0.751848 0.828149 -0.832844 -0.253239 0.227233 0.695429 0.238978 0.505464 -0.733391 -0.283534 -0.212610 0.799763 0.751528 0.152296 -0.485975 -0.776217 -0.347094 0.097021 -0.065326 -0.591670 -0.848670 0.354142 0.098609 -0.420423 -0.817358 0.862808 0.881318 0.476881 0.955653 0.546816 0.109718 -0.796195 0.374965 0.276874 -0.049434 -0.397803 -0.027698 -0.810456 -0.892339 0.238911 -0.093990 -0.104948 0.038675 -0.342461 -0.952652 0.552700 -0.118679 -0.299746 -0.350279 0.815996 0.108585 -0.198949 0.170138 -0.792806 0.380628 0.352780 -0.929998 0.261946 -0.170339 -0.974345 -0.191239 0.939380 -0.770540 -0.816274 0.216253 0.180026 -0.214076 -0.811444 0.369570 -0.106415 0.427467 -0.724420 0.788637 -0.533858 -0.066882 0.835985 -0.981158 0.814440 -0.463761 -0.331437 0.630435 0.644824 0.469615 -0.199427 0.852017 -0.149757 -0.846647 0.922019 -0.887812 -0.016985 0.947674 -0.079050 -0.077606 -0.822866 0.104676 -0.861352 0.357159 0.890600 -0.672797 -0.273271 -0.215815 0.754670 0.002309 -0.427179 -0.779188 0.935427 -0.591194 -0.760346 0.749867 -0.054955 -0.091783 0.380302 -0.410131 -0.622168 -0.819125 -0.558114 0.228075 -0.665772 -0.636094 0.340263 0.317243 -0.688420 -0.738787 -0.760363 -0.511287 0.365889 -0.621715 0.845872 0.256488 -0.294512 -0.427399 -0.959327 -0.539841 0.574909 -0.386505 -0.319029 0.510337 0.022301 -0.079375 0.260203 0.967346 0.828843 -0.359495 -0.442785 -0.793325 -0.178620 -0.000898 0.434749 0.155608 0.363007 -0.224988 -0.527149 0.674587 0.036225 -0.287511 -0.836700 -0.597886 0.090774 -0.990828 0.658602 0.796262 -0.418228 0.699275 -0.743579 -0.843318 -0.687230 -0.062608 0.667018 0.335071 0.858018 -0.072778 0.302417 0.686860 0.567727 0.859632 0.893535 -0.610893 -0.141267 0.328284 0.544715 -0.778259 -0.896704 -0.982434 0.896327 0.139521 -0.269945 -0.940373 0.541635 0.820829 -0.931201 0.200237 0.617091 -0.349429 -0.100488 0.873512 -0.192747 0.212282 -0.189095 -0.525729 -0.452648 -0.331078 0.401493 0.849769 -0.644217 -0.030780 0.709401 -0.750682 0.358326 -0.431866 0.577602 -0.096959 -0.210125 0.680898 -0.079393 -0.313798 -0.179580 0.650662 -0.254171 -0.637946 0.471491 -0.185372 0.562291 0.088583 0.465199 -0.538197 -0.037905 -0.727547 0.674085 0.773000 -0.253276 -0.778562 -0.558078 -0.851783 -0.928793 -0.202295 0.117437 0.780608 0.047023 -0.524237 -0.651258 -0.375375 0.378804 0.138617 -0.694477 -0.700589 0.824819 0.125943 0.950074 -0.429351 0.487997 0.421565 0.385277 0.050288 -0.489852 -0.149524 0.512092 0.472243 0.122929 0.186177 0.245243 0.869653 0.407615 0.687165 -0.982130 0.478822 -0.515130 0.135306 0.259430 0.531893 0.611069 0.608172 -0.843483 -0.010127 -0.253211 -0.537960 0.289284 -0.428392 0.587983 0.239358 0.142257 0.075980 -0.339077 -0.472466 -0.873731 0.171071 0.378010 0.638361 -0.356686 -0.499061 -0.175462 0.888556 -0.629408 -0.767847 0.575721 -0.611539 0.710975 -0.939409 0.523768 -0.029595 0.592484 0.134837 -0.421423 0.749001 -0.875290 0.325366 -0.788958 0.413994 0.896975 0.799025 -0.346648 0.039232 -0.124995 0.314275 0.566766 0.001274 -0.514654 -0.055224 -0.360366 0.128660 0.445715 0.464172 0.017216 0.816307 0.696325 -0.407062 -0.795232 0.407300 -0.346471 0.728536 -0.622294 -0.753987 -0.136627 -0.043717 0.995014 -0.011917 -0.718351 -0.793944 -0.597923 -0.821376 -0.994919 0.055429 0.217856 -0.119914 -0.630296 -0.215379 0.881360 -0.144950 0.729397 -0.479006 0.983710 0.175112 0.985166 0.000927 -0.008581 0.681491 0.593864 0.196187 0.088791 -0.752607 -0.075277 0.466497 -0.506594 0.788095 -0.577220 -0.511580 -0.223822 -0.295571 -0.305524 0.178254 -0.116947 -0.300443 -0.766317 -0.899091 0.579643 -0.396613 -0.114470 0.461003 0.458437 -0.385073 0.981997 0.442147 0.790040 0.967163 -0.556926 -0.218542 0.648654 -0.963062 0.977645 -0.262555 -0.715669 -0.097632 -0.796058 -0.222263 -0.309537 -0.373278 0.266157 0.466641 0.331151 0.960633 -0.355105 -0.785797 -0.339810 -0.121422 -0.684888 -0.760166 0.481966 0.200642 0.700837 -0.059597 0.815569 0.682834 -0.617450 0.605609 0.649997 -0.174376 -0.612933 0.298651 -0.137438 -0.635288 -0.963904 0.146893 0.267080 -0.759961 0.924630 0.957543 -0.133240 0.190787 0.424184 -0.802089 0.151420 -0.930921 -0.587885 0.811610 -0.052342 -0.272773 -0.948556 -0.570377 0.927869 0.752281 0.370026 0.743438 0.435115 0.752576 0.349047 0.085112 -0.421799 0.736114 -0.616237 0.440763 -0.899174 -0.580141 -0.412344 0.367906 -0.340103 -0.487714 0.325450 0.526658 0.703073 -0.250366 0.724569 -0.145508 -0.181287 -0.863316 -0.333898 0.766371 -0.136090 -0.282454 -0.804006 -0.208221 -0.530173 0.566020 -0.464783 0.904941 0.318597 0.884264 -0.009947 0.896797 0.620378 0.373815 0.337560 0.721204 0.793674 0.925216 0.089111 -0.546429 -0.562498 -0.585440 0.980229 -0.859426 0.164194 0.704798 -0.004933 0.982907 0.841482 0.661169 0.749278 -0.294608 -0.621285 0.945272 0.497171 -0.151459 0.511292 -0.967612 -0.246517 -0.170111 0.916652 0.743535 -0.273314 0.537030 0.117350 -0.935754 0.258234 -0.088976 0.989461 -0.652655 0.364596 -0.573037 -0.238095 0.344825 -0.432463 0.926099 0.049623 0.562604 0.909006 -0.108895 0.223773 0.658284 0.596497 0.602488 0.603556 0.093669 -0.548971 0.114847 0.126057 0.204512 0.944736 0.042709 -0.051953 -0.328578 -0.420261 -0.934603 -0.264333 0.837973 -0.023578 -0.274872 -0.814682 -0.658982 0.152091 -0.052776 0.685843 0.719628 -0.126677 -0.264534 0.282232 -0.217671 0.626571 -0.493995 -0.559387 0.223069 -0.891508 -0.955831 -0.683263 -0.440479 0.159016 0.442794 0.764033 0.103752 -0.514497 -0.287920 0.775174 0.065242 -0.222523 -0.489159 -0.096785 0.753899 0.235970 0.088533 -0.905083 -0.611939 -0.964243 0.780760 -0.892311 -0.090920 -0.483774 0.389921 0.691409 -0.857203 0.895926 -0.867977 0.365866 -0.995582 -0.823808 0.682603 -0.436061 0.335208 0.125397 -0.672028 -0.561040 0.610900 0.040052 -0.785866 -0.323859 0.817530 -0.275025 0.579356 0.571429 0.960945 -0.332111 0.666346 -0.650994 -0.296354 0.447106 -0.543305 0.612726 0.963332 0.846616 0.304136 -0.893871 0.742542 0.436158 0.471995 0.746960 0.612350 0.154598 -0.689100 -0.052442 -0.720005 -0.361128 0.386518 0.890895 0.678925 0.600652 -0.432964 0.496454 -0.674373 -0.853608 0.067883 -0.713428 -0.185719 -0.265771 -0.364422 0.517927 -0.818665 0.092273 0.130653 -0.855332 -0.061111 -0.565211 -0.749203 -0.318569 0.870947 0.722792 -0.571608 0.483297 -0.122610 -0.260708 -0.569146 0.157386 0.378164 0.817372 0.048280 0.057089 0.418024 0.615316 -0.446457 0.743651 0.761708 0.621426 -0.969777 -0.424011 -0.644344 -0.334199 -0.906084 -0.463009 0.758074 0.224569 -0.318341 -0.303038 0.659358 -0.067544 0.378394 0.530305 -0.344752 0.806785 0.013602 0.532638 -0.453923 0.444456 -0.309976 0.924241 0.261828 0.738304 -0.018670 -0.320148 0.353620 0.534873 -0.576497 0.115328 0.156299 -0.546274 0.691317 0.511955 0.119526 0.785232 -0.951054 -0.122400 0.009802 -0.269395 0.574562 -0.330840 0.663060 -0.047044 -0.800536 -0.681692 -0.240259 0.213066 0.850947 0.305818 -0.342478 -0.459029 0.230059 0.919350 -0.720725 -0.788611 -0.400799 0.632895 0.746262 0.022704 -0.251778 -0.097439 0.476430 -0.560461 -0.585485 -0.404044 -0.775229 -0.536538 0.473556 0.234573 0.194066 0.048118 0.903733 -0.142873 -0.998926 -0.896803 0.175435 -0.239185 0.316263 0.026381 -0.933366 0.973785 0.567352 0.296693 0.893135 0.846627 0.508082 -0.507663 0.479521 0.254343 0.515041 -0.772256 -0.843096 -0.008530 -0.332717 -0.428580 0.587426 -0.107946 0.034881 0.060982 -0.873373 -0.771053 -0.890900 -0.969640 0.086074 -0.889826 

